0	0.025681	0.0373973	0.0398792	0.0379843	0.0385948	0.0357614	0.0368316	0.0401293	0.12433	0.124856	0.125673	0.12493	0.125136	0.126193	0.126948	0.126464	0.124678	0.124941	0.124357	0.12342	0.12479	0.035701	0.0356888	0.0371765	0.0382008	0.039044	0.0395435	0.0378591	0.039834	0.0406793	0.0402127	0.041627	0.0425535	0.042206	0.041371	0.0439915	0.0398567	0.0406379	0.0418566	0.0412862	0.040332	0.0411322	0.043673	0.0404523	0.119929	0.118628	0.11809	0.119358	0.118776	0.119183	0.120956	0.119725	0.119357	0.119697	0.117612	0.119611	0.119658	0.119608	0.11997	0.118469	0.124758	0.125221	0.125227	0.0412075	0.0403242	0.0437047	0.0418308	0.0435359	0.0439253	0.0439728	0.0418034	0.0413128	0.0427074	0.0424401	0.0403312	0.0424911	0.0415224	0.0414828	0.0423117	0.124394	0.124139	0.124763	0.124906	0.124257	0.124516	0.125322	0.124446	0.12583	0.124346	0.126427	0.124661	0.124366	0.124079	0.124464	0.124636	0.124086	0.126775	0.124881	0.125126	0.123892	0.124771	0.125143	0.12575	0.125871	0.125218	0.125585	0.124128	0.124544	0.126014	0.126567	0.124948	0.122134	0.12185	0.121908	0.122669	0.121605	0.122867	0.122378	0.12063	0.123468	0.122519	0.122809	0.121893	0.121718	0.122307	0.121291	0.121901	0.122343	0.122321	0.1238	0.127251	0.123567	0.125498	0.124498	0.123042	0.12396	0.12362	0.125033	0.124586	0.123787	0.123965	0.120059	0.0401964	0.0409723	0.041252	0.0439561	0.0443654	0.0409392	0.0396679	0.0423714	0.0388173	0.0408683	0.0398819	0.0403246	0.0397652	0.0400512	0.0414583	0.0392282	0.0411775	0.118562	0.118303	0.120124	0.119649	0.119607	0.118413	0.119735	0.11929	0.117953	0.121268	0.117837	0.118824	0.117778	0.12302	0.125675	0.124163	0.126099	0.123397	0.123555	0.123949	0.122746	0.12406	0.124244	0.119855	0.120366	0.124788	0.124417	0.124269	0.125051	0.12411	0.126788	0.123735	0.128161	0.12412	0.127326	0.123486	0.124557	0.123703	0.128062	0.12595	0.125123	0.124968	0.12499	0.125629	0.126613	0.126192	0.124736	0.124319
0.025681	0	0.0367895	0.0394014	0.0370494	0.0382284	0.0362708	0.0374458	0.0394575	0.124213	0.125025	0.125479	0.125411	0.125278	0.126223	0.127486	0.125806	0.12492	0.125885	0.124449	0.1241	0.125121	0.0353526	0.035568	0.0363389	0.0379615	0.0386809	0.03917	0.0387612	0.0399352	0.0402266	0.0405055	0.0416118	0.0419854	0.0419338	0.0409938	0.0439592	0.0394101	0.041176	0.041167	0.0403438	0.0403771	0.0405545	0.0438278	0.0401914	0.120196	0.119231	0.118396	0.119671	0.119448	0.119167	0.121175	0.120283	0.11856	0.120162	0.117928	0.119546	0.11962	0.119695	0.120224	0.118405	0.12515	0.125503	0.125479	0.0422298	0.0399932	0.0433182	0.0411746	0.0428552	0.0427916	0.0426566	0.0424	0.0410069	0.041583	0.041826	0.040062	0.0419064	0.0409102	0.0412458	0.0411993	0.124783	0.12463	0.125183	0.125188	0.125365	0.124485	0.12495	0.124664	0.12568	0.124476	0.126579	0.124752	0.124563	0.12443	0.124025	0.125115	0.123976	0.127449	0.124953	0.125272	0.124493	0.125226	0.125418	0.125796	0.126074	0.126036	0.126229	0.124584	0.125328	0.126723	0.126128	0.125505	0.121129	0.122332	0.121447	0.122789	0.121735	0.122276	0.121962	0.120523	0.123584	0.122597	0.122349	0.121012	0.121176	0.121581	0.122188	0.121659	0.122621	0.12281	0.12433	0.12917	0.123314	0.124386	0.123999	0.123832	0.123354	0.122838	0.123191	0.125037	0.124863	0.123938	0.120539	0.039642	0.0405803	0.0399478	0.0423757	0.0431595	0.039704	0.0394801	0.0413608	0.0396385	0.0415712	0.0397918	0.0395306	0.0382731	0.0394147	0.0413287	0.0391886	0.0405667	0.119072	0.118603	0.120442	0.119464	0.119896	0.11799	0.120392	0.118999	0.118283	0.121326	0.118156	0.119546	0.117816	0.121783	0.125024	0.123888	0.126309	0.123681	0.1239	0.124341	0.123359	0.124354	0.124221	0.119762	0.119609	0.12488	0.124347	0.124806	0.124213	0.123882	0.126949	0.12374	0.128186	0.124533	0.127414	0.124457	0.124755	0.124217	0.128657	0.126496	0.12528	0.125174	0.125222	0.125603	0.126741	0.12694	0.125245	0.124776
0.0373973	0.0367895	0	0.0386197	0.0374173	0.039026	0.0364787	0.0369221	0.0389858	0.125479	0.125822	0.126717	0.125705	0.126382	0.126809	0.128145	0.12659	0.125788	0.126291	0.125334	0.124115	0.125659	0.036358	0.0361739	0.0362162	0.0371512	0.0383246	0.0386881	0.036193	0.0406134	0.0408888	0.0399543	0.042338	0.0427062	0.0419379	0.0408649	0.0442504	0.0395296	0.041544	0.042286	0.0409644	0.0407988	0.0404347	0.0432783	0.0407158	0.120971	0.120638	0.119258	0.120774	0.120177	0.12074	0.121879	0.12081	0.119671	0.120539	0.118724	0.120403	0.120799	0.120238	0.120841	0.119085	0.126145	0.126005	0.126112	0.0426431	0.040366	0.0435652	0.0419966	0.0428981	0.0431157	0.0433915	0.0419747	0.0411757	0.0418931	0.0421688	0.0406618	0.042407	0.0414378	0.0407564	0.0427483	0.125382	0.125704	0.125924	0.126467	0.125425	0.125473	0.126435	0.125992	0.126683	0.125767	0.127244	0.126011	0.125391	0.125116	0.125537	0.126008	0.124876	0.128164	0.126018	0.126195	0.125201	0.125821	0.126523	0.126479	0.127003	0.126479	0.1272	0.125525	0.126197	0.127445	0.127275	0.126426	0.122901	0.123786	0.123039	0.123746	0.123032	0.123066	0.122096	0.122294	0.124793	0.123495	0.12384	0.122479	0.122372	0.122962	0.122985	0.122881	0.124533	0.123307	0.124633	0.12987	0.125319	0.126356	0.125392	0.124507	0.124669	0.124736	0.126365	0.12562	0.125657	0.124609	0.12027	0.0404584	0.0410952	0.0411832	0.0433438	0.0443194	0.0400893	0.0399112	0.0410426	0.0393296	0.0421729	0.0405099	0.0401402	0.0387216	0.0404649	0.0418857	0.0391284	0.0410172	0.119689	0.119246	0.120248	0.121047	0.120329	0.118685	0.120296	0.11944	0.118076	0.121928	0.118231	0.119619	0.118264	0.122685	0.126398	0.125266	0.126947	0.124189	0.124606	0.124879	0.12406	0.12489	0.125553	0.120267	0.120137	0.125472	0.125687	0.124942	0.125282	0.124934	0.127693	0.123945	0.129202	0.125338	0.128982	0.124775	0.125605	0.125243	0.128922	0.127769	0.126473	0.126079	0.12633	0.126941	0.126811	0.127544	0.126128	0.125567
0.0398792	0.0394014	0.0386197	0	0.0363954	0.0397481	0.0371956	0.0365979	0.0391344	0.123865	0.124174	0.125417	0.124346	0.124655	0.125412	0.126261	0.125318	0.124507	0.124624	0.123915	0.123715	0.12458	0.0370803	0.0371416	0.0364425	0.0375934	0.038404	0.0384348	0.0378539	0.0408804	0.0408714	0.0402265	0.0422613	0.0430294	0.0414004	0.0419287	0.0443566	0.0395472	0.0413415	0.0427776	0.0404844	0.0406905	0.0406956	0.0439476	0.041591	0.119458	0.118844	0.118603	0.11964	0.118573	0.1185	0.121205	0.120163	0.119155	0.119302	0.117335	0.119248	0.120328	0.119348	0.120098	0.117954	0.124428	0.124874	0.124723	0.0438995	0.0408098	0.0438948	0.042934	0.0445236	0.0442294	0.0440416	0.0423271	0.0427412	0.0428338	0.0438952	0.0416617	0.0433423	0.0421413	0.041246	0.0426669	0.124715	0.124899	0.125254	0.125065	0.124472	0.124633	0.125435	0.124927	0.12591	0.124279	0.126798	0.124885	0.124353	0.124068	0.124601	0.124959	0.124186	0.127305	0.124871	0.125251	0.123912	0.125154	0.125503	0.125819	0.125936	0.125568	0.125637	0.124623	0.125257	0.12597	0.126613	0.125515	0.12166	0.122164	0.121068	0.121804	0.121353	0.12126	0.121376	0.120525	0.122896	0.122249	0.122416	0.120692	0.121025	0.120984	0.1217	0.121428	0.123053	0.122373	0.123812	0.12798	0.123707	0.12386	0.124595	0.122893	0.123451	0.122889	0.124326	0.124218	0.123274	0.123113	0.119805	0.0398745	0.041606	0.0400861	0.0421173	0.0441201	0.0406289	0.0396524	0.0405234	0.0401871	0.0424965	0.0401784	0.0394266	0.039517	0.0401464	0.0408623	0.0397577	0.0407525	0.118061	0.117482	0.118674	0.119088	0.119044	0.11761	0.119193	0.118374	0.116835	0.120058	0.116981	0.118788	0.117157	0.121804	0.124632	0.123721	0.125703	0.122811	0.123361	0.123985	0.123118	0.123922	0.124134	0.119242	0.119216	0.124334	0.124413	0.124105	0.124809	0.123707	0.127252	0.12322	0.128471	0.124671	0.127222	0.124189	0.124812	0.124461	0.127669	0.127074	0.125677	0.125427	0.125322	0.126257	0.126006	0.12636	0.125186	0.124631
0.0379843	0.0370494	0.0374173	0.0363954	0	0.0380999	0.0361861	0.0344092	0.037416	0.124204	0.124253	0.125525	0.124474	0.124953	0.125782	0.126682	0.125613	0.124624	0.124587	0.123671	0.123485	0.12463	0.0357244	0.0348514	0.0356272	0.0355205	0.0375623	0.0366765	0.0359816	0.039277	0.0392655	0.0392159	0.0412605	0.0420935	0.0419321	0.0416976	0.0434179	0.0386487	0.0406457	0.0418205	0.040097	0.0392254	0.0397151	0.0434883	0.0398089	0.11932	0.117964	0.118316	0.119135	0.118447	0.119075	0.120538	0.119259	0.118881	0.118985	0.116869	0.118638	0.119125	0.118357	0.119542	0.117752	0.124703	0.12486	0.124542	0.0414561	0.0379788	0.0425798	0.0403017	0.0426024	0.04302	0.042739	0.0406158	0.0398214	0.0401688	0.0415098	0.0390491	0.0407019	0.0399714	0.0395244	0.0400865	0.124638	0.12466	0.125405	0.125394	0.124578	0.124777	0.125263	0.124625	0.12553	0.124853	0.126477	0.124988	0.124779	0.124342	0.124698	0.125002	0.124414	0.127811	0.125242	0.125363	0.12438	0.125341	0.125706	0.126257	0.126163	0.125843	0.126315	0.124857	0.125601	0.126601	0.126826	0.125637	0.121798	0.121916	0.121694	0.121912	0.121212	0.121889	0.121149	0.120296	0.123052	0.122118	0.122491	0.121142	0.12105	0.121366	0.121145	0.121857	0.123497	0.122113	0.123964	0.128356	0.123629	0.124571	0.123755	0.123112	0.123641	0.123109	0.125286	0.124954	0.124209	0.123283	0.119233	0.0381639	0.0404493	0.0393915	0.0411275	0.0432902	0.0392269	0.0388779	0.0403086	0.0388219	0.0409979	0.0390475	0.0391741	0.0379734	0.0386236	0.0408341	0.0384642	0.0396195	0.117448	0.117856	0.119042	0.1194	0.118996	0.117491	0.118225	0.118029	0.116296	0.119793	0.116934	0.119382	0.117163	0.121321	0.124741	0.123464	0.126195	0.123442	0.123618	0.123694	0.123811	0.123925	0.124059	0.118749	0.119519	0.12422	0.124264	0.124138	0.124614	0.124134	0.127266	0.12288	0.128853	0.125123	0.12843	0.124513	0.125317	0.125034	0.128424	0.127331	0.12579	0.125682	0.125468	0.126627	0.127062	0.127363	0.125476	0.125235
0.0385948	0.0382284	0.039026	0.0397481	0.0380999	0	0.038171	0.037495	0.0397404	0.126267	0.125966	0.127013	0.126875	0.127053	0.126851	0.127818	0.127516	0.126207	0.126729	0.126123	0.125231	0.126752	0.0303496	0.0376414	0.0382781	0.0393904	0.0379389	0.0396702	0.0378263	0.0409449	0.0403411	0.0406716	0.0418906	0.0422712	0.0420768	0.0407621	0.0440321	0.0398269	0.0408769	0.0421585	0.0405496	0.0398297	0.0405737	0.04358	0.0404159	0.120308	0.119718	0.119011	0.120475	0.119049	0.11982	0.121446	0.120539	0.119329	0.120338	0.118187	0.11983	0.120664	0.119583	0.121076	0.118084	0.126557	0.127207	0.126577	0.0430943	0.0408459	0.0432734	0.0420766	0.043575	0.0443251	0.044149	0.0424462	0.0418856	0.0427675	0.0439014	0.0413427	0.0430217	0.0416065	0.0422673	0.0420313	0.125005	0.125416	0.126716	0.125877	0.125312	0.125239	0.12646	0.125248	0.126264	0.125235	0.127682	0.12556	0.12521	0.124985	0.125713	0.125342	0.124733	0.127685	0.125673	0.126497	0.124911	0.126004	0.126237	0.126954	0.126274	0.126194	0.126891	0.125091	0.126031	0.12671	0.127421	0.126286	0.12311	0.123798	0.123524	0.124755	0.122705	0.124496	0.123323	0.122067	0.12471	0.124508	0.123961	0.123247	0.123007	0.12295	0.124022	0.123508	0.124633	0.124486	0.125643	0.128879	0.126112	0.12599	0.125176	0.12544	0.125009	0.12426	0.126033	0.126242	0.125877	0.125596	0.121753	0.0402404	0.0415242	0.0404001	0.0432291	0.0441267	0.0405095	0.0396171	0.0408151	0.0392361	0.0412516	0.0404194	0.0397031	0.0403534	0.0391468	0.0413691	0.0399016	0.0401711	0.119608	0.119565	0.118694	0.120346	0.120359	0.118446	0.120127	0.119241	0.11769	0.121266	0.118341	0.120453	0.118231	0.122701	0.126219	0.124553	0.12603	0.124231	0.124394	0.124412	0.123775	0.124355	0.124272	0.119952	0.119461	0.125426	0.124879	0.124592	0.125432	0.124906	0.126837	0.123786	0.129484	0.125852	0.128831	0.125026	0.125691	0.125297	0.12933	0.127903	0.12664	0.125958	0.126167	0.127084	0.127666	0.127666	0.126344	0.125768
0.0357614	0.0362708	0.0364787	0.0371956	0.0361861	0.038171	0	0.0361026	0.0379001	0.124565	0.124546	0.12521	0.12471	0.124847	0.125622	0.12686	0.125605	0.124339	0.125204	0.123939	0.123919	0.124785	0.0344884	0.0289867	0.0360477	0.0361317	0.0371122	0.0377898	0.036974	0.0388474	0.0387416	0.0391923	0.0413829	0.0408297	0.0409688	0.0404825	0.0432714	0.0381343	0.0402241	0.0412833	0.0386156	0.0393812	0.038975	0.04158	0.0394975	0.120057	0.118799	0.117907	0.119314	0.119038	0.118986	0.120494	0.119658	0.118954	0.11944	0.11737	0.119156	0.119805	0.118878	0.120179	0.117735	0.124627	0.125499	0.125084	0.0414876	0.0383737	0.042025	0.0395407	0.0423919	0.042029	0.0419301	0.0399784	0.0398637	0.0404035	0.0402963	0.0386904	0.0405639	0.0403616	0.0389675	0.0403217	0.124748	0.124592	0.12546	0.125397	0.124717	0.125084	0.12556	0.124891	0.126261	0.12465	0.126177	0.125392	0.124606	0.124497	0.124887	0.125347	0.124705	0.127635	0.12529	0.125672	0.124433	0.125335	0.125597	0.126036	0.126522	0.125649	0.126254	0.12511	0.125709	0.126762	0.126918	0.125468	0.121497	0.121669	0.121778	0.12171	0.120967	0.121821	0.121174	0.119956	0.123039	0.122252	0.122409	0.12098	0.121215	0.121058	0.12193	0.121953	0.123431	0.121938	0.124131	0.126632	0.122776	0.124972	0.125446	0.123097	0.122986	0.123091	0.124951	0.124511	0.124092	0.123234	0.120216	0.038613	0.0400312	0.0386045	0.0416693	0.0427476	0.0387349	0.038474	0.0395401	0.0383887	0.0411191	0.0385284	0.0380711	0.0377995	0.0381527	0.0395478	0.0379447	0.0396992	0.118716	0.118325	0.118608	0.119673	0.119743	0.117262	0.11908	0.118732	0.116797	0.119858	0.117057	0.11906	0.117431	0.122561	0.125219	0.123829	0.126307	0.123084	0.123433	0.124132	0.123586	0.124084	0.124393	0.118714	0.119122	0.124625	0.124884	0.123984	0.124663	0.124179	0.126787	0.122726	0.128441	0.125062	0.127951	0.124487	0.125285	0.124766	0.127946	0.127069	0.125808	0.125837	0.125793	0.126495	0.126355	0.127009	0.125746	0.125129
0.0368316	0.0374458	0.0369221	0.0365979	0.0344092	0.037495	0.0361026	0	0.0367099	0.123634	0.123901	0.124404	0.124315	0.124456	0.125401	0.126278	0.12524	0.123863	0.124467	0.123651	0.12307	0.124462	0.0343142	0.0345207	0.0337545	0.0345601	0.03669	0.0358816	0.0353339	0.0394283	0.0385893	0.0391252	0.0407352	0.0417345	0.0412577	0.0402101	0.0437059	0.0378774	0.0400041	0.0410054	0.0388363	0.0386415	0.0394327	0.041963	0.0390754	0.11944	0.118265	0.117723	0.11873	0.118251	0.118767	0.120199	0.119509	0.118028	0.118999	0.116749	0.118599	0.119301	0.118979	0.119311	0.117008	0.123888	0.124468	0.124257	0.0410245	0.0389398	0.0420432	0.0397908	0.0435815	0.042402	0.0424786	0.0399724	0.0396682	0.0404345	0.0415846	0.0387473	0.0404692	0.0402866	0.0398688	0.0402791	0.124621	0.124449	0.124952	0.125012	0.124317	0.124588	0.125735	0.125068	0.126086	0.124358	0.126516	0.124807	0.12456	0.124139	0.124847	0.124807	0.124232	0.127522	0.125241	0.125822	0.124	0.124976	0.125676	0.126205	0.126144	0.125813	0.126139	0.12475	0.125275	0.126573	0.126465	0.126062	0.120657	0.121397	0.120771	0.121437	0.120694	0.121553	0.120865	0.120067	0.122257	0.121508	0.121699	0.120434	0.120445	0.120559	0.120842	0.120951	0.122142	0.120867	0.123434	0.128121	0.123338	0.124615	0.12367	0.122254	0.122784	0.122037	0.123679	0.123809	0.123413	0.122695	0.118466	0.037658	0.040853	0.0399373	0.041034	0.0420539	0.0384425	0.0386878	0.0407676	0.0379245	0.0407305	0.0381902	0.0379912	0.0383607	0.0385032	0.0401253	0.0377874	0.0393643	0.117899	0.117358	0.118984	0.118516	0.118423	0.116775	0.118813	0.118039	0.116472	0.119591	0.116469	0.118292	0.116426	0.12071	0.124448	0.123408	0.125449	0.12219	0.122763	0.123322	0.122741	0.123738	0.123496	0.118548	0.118347	0.123905	0.123745	0.123939	0.124075	0.123373	0.12572	0.122314	0.128541	0.124297	0.127338	0.123941	0.124627	0.124411	0.12719	0.126962	0.125446	0.125051	0.125201	0.125836	0.12633	0.126444	0.124846	0.12471
0.0401293	0.0394575	0.0389858	0.0391344	0.037416	0.0397404	0.0379001	0.0367099	0	0.12618	0.126002	0.126851	0.12593	0.126399	0.126743	0.12845	0.126803	0.125783	0.126171	0.125342	0.124857	0.126716	0.0374601	0.0374417	0.0361938	0.0371072	0.0388399	0.0392337	0.0370017	0.0408365	0.0412387	0.0410148	0.0425506	0.0436685	0.0424417	0.0421051	0.0450795	0.0399137	0.0425191	0.04351	0.041136	0.0415307	0.0412651	0.0443913	0.0406845	0.120702	0.119925	0.120173	0.120626	0.119934	0.120433	0.122064	0.121008	0.119612	0.120853	0.118238	0.120197	0.121402	0.120819	0.121073	0.119025	0.126282	0.126163	0.126306	0.0423974	0.0408797	0.0440819	0.0421897	0.0451145	0.0441983	0.0437076	0.0420933	0.0412704	0.042274	0.0426631	0.0403555	0.042332	0.0417981	0.0416968	0.0422648	0.126419	0.126114	0.12701	0.127164	0.126573	0.126554	0.127755	0.126613	0.127819	0.126393	0.128215	0.126856	0.126355	0.12595	0.126653	0.126955	0.126082	0.128945	0.126655	0.127395	0.125606	0.127169	0.126768	0.12782	0.127808	0.127531	0.12785	0.126628	0.126988	0.128487	0.128461	0.127447	0.122147	0.123516	0.122544	0.123049	0.122823	0.123664	0.122402	0.121459	0.12446	0.123199	0.123476	0.12246	0.122293	0.122656	0.12249	0.122839	0.124485	0.12372	0.125534	0.129287	0.124469	0.12523	0.125461	0.124307	0.125148	0.123936	0.125998	0.125623	0.125318	0.125304	0.121267	0.0404711	0.0421297	0.0409223	0.0432555	0.0452004	0.0411966	0.0401072	0.0424385	0.0407799	0.0440263	0.0411311	0.0402765	0.0395115	0.0407021	0.041797	0.0399611	0.0415264	0.11963	0.11912	0.121533	0.121096	0.119915	0.11903	0.121294	0.119369	0.118203	0.121162	0.117973	0.120491	0.118654	0.12308	0.126176	0.125536	0.127129	0.124535	0.124814	0.124958	0.124557	0.125456	0.125815	0.120403	0.120524	0.125803	0.125964	0.125714	0.126207	0.125632	0.129256	0.124301	0.129738	0.126267	0.129022	0.125939	0.126689	0.126125	0.129189	0.128599	0.127038	0.126761	0.126639	0.127975	0.128894	0.128181	0.126825	0.12661
0.12433	0.124213	0.125479	0.123865	0.124204	0.126267	0.124565	0.123634	0.12618	0	0.0411018	0.0408977	0.0395035	0.0410907	0.0382523	0.0424217	0.0393597	0.038634	0.0389983	0.0388282	0.0396478	0.0395371	0.124914	0.124615	0.123723	0.123537	0.126487	0.125621	0.124459	0.124124	0.124542	0.123705	0.125719	0.123987	0.125306	0.124188	0.128324	0.123011	0.125398	0.12612	0.123649	0.124201	0.125309	0.126731	0.124056	0.0956748	0.0973196	0.0940869	0.0947642	0.0957966	0.0947359	0.0969747	0.0950838	0.0951642	0.0941513	0.0929107	0.0940582	0.0943836	0.0952263	0.0939707	0.0943653	0.0414469	0.0391333	0.0394786	0.124189	0.122649	0.12436	0.123603	0.125491	0.123838	0.124645	0.123341	0.123412	0.12464	0.122922	0.123341	0.123276	0.123804	0.123359	0.124409	0.104223	0.102775	0.104869	0.104426	0.10347	0.104186	0.10465	0.104357	0.10479	0.104212	0.106479	0.103851	0.103872	0.101068	0.104797	0.104152	0.104289	0.105894	0.103873	0.104292	0.104521	0.103424	0.102579	0.104513	0.104581	0.105	0.104384	0.103631	0.104212	0.105271	0.104818	0.104576	0.0580375	0.056353	0.0563073	0.0563875	0.0565993	0.0553141	0.0568858	0.0580166	0.0588629	0.0568238	0.0568082	0.0553557	0.056383	0.0585715	0.0580448	0.0546319	0.0591243	0.0541206	0.0522823	0.0554427	0.0583344	0.0579104	0.0565681	0.0570731	0.0544189	0.0560062	0.0597394	0.0566051	0.0545122	0.0538809	0.0550175	0.123812	0.124902	0.124653	0.124179	0.126794	0.124175	0.124254	0.124402	0.122957	0.124978	0.124164	0.124793	0.123809	0.123947	0.124963	0.123316	0.123626	0.0879761	0.0887181	0.091772	0.0902107	0.0904423	0.0894959	0.0914577	0.0896407	0.0904749	0.0789369	0.0902867	0.089267	0.0879122	0.0907538	0.0960487	0.0948691	0.0948282	0.0927788	0.0940648	0.0942593	0.0942925	0.0932533	0.0954279	0.0897189	0.0893895	0.0957526	0.0949325	0.0945632	0.0955322	0.0941671	0.097498	0.094721	0.107917	0.104873	0.107344	0.103838	0.105161	0.104461	0.106647	0.10657	0.105716	0.105536	0.105576	0.106092	0.107084	0.106394	0.10514	0.104847
0.124856	0.125025	0.125822	0.124174	0.124253	0.125966	0.124546	0.123901	0.126002	0.0411018	0	0.0425571	0.0403367	0.0420182	0.0405941	0.044881	0.0408663	0.0403742	0.0406397	0.0400544	0.0406279	0.0409187	0.124481	0.125068	0.123809	0.124392	0.126725	0.125936	0.124989	0.124751	0.124912	0.124051	0.125638	0.124175	0.125684	0.124209	0.128854	0.123178	0.125143	0.126095	0.123422	0.124682	0.125508	0.127855	0.124224	0.0959566	0.09846	0.0945912	0.095329	0.0966849	0.0951558	0.0983626	0.09519	0.0956159	0.0940565	0.0931955	0.0944623	0.0949668	0.095811	0.095135	0.0949771	0.0438676	0.0412856	0.0408972	0.124113	0.123109	0.124416	0.123312	0.125579	0.123529	0.124584	0.123588	0.123385	0.124614	0.123073	0.123292	0.123261	0.123588	0.123462	0.124333	0.105239	0.10375	0.105638	0.105408	0.104646	0.105208	0.105137	0.105125	0.105729	0.105	0.10681	0.105275	0.104741	0.101899	0.105557	0.105036	0.104852	0.106521	0.104281	0.104585	0.105306	0.104433	0.103462	0.105253	0.105603	0.10534	0.105537	0.104238	0.104813	0.105966	0.10492	0.105249	0.0553984	0.053468	0.0543188	0.0544183	0.0545826	0.0463604	0.0549007	0.0555964	0.0567996	0.054919	0.0545373	0.053877	0.0542208	0.0556408	0.0544439	0.0536338	0.0604344	0.0550078	0.0533402	0.0566677	0.0599647	0.0602058	0.0580436	0.0594207	0.0559721	0.0576326	0.0599907	0.0572556	0.0548455	0.055218	0.0544198	0.124491	0.125086	0.124901	0.124983	0.127466	0.124277	0.124648	0.124579	0.122995	0.124868	0.124108	0.124981	0.124006	0.124851	0.125627	0.12358	0.123905	0.0881357	0.0891806	0.0913653	0.0897462	0.0901935	0.0900742	0.0915579	0.0897564	0.0898529	0.079379	0.0897793	0.0888394	0.08777	0.0907226	0.0965371	0.0952003	0.0961406	0.0937097	0.0951161	0.0948517	0.0945765	0.0940095	0.0958701	0.0893795	0.0895342	0.0967179	0.0953008	0.0955068	0.0955663	0.0944711	0.0986753	0.0948433	0.108894	0.106292	0.108382	0.105334	0.106344	0.105791	0.107978	0.107858	0.106855	0.106795	0.106727	0.107468	0.10788	0.107461	0.106253	0.106063
0.125673	0.125479	0.126717	0.125417	0.125525	0.127013	0.12521	0.124404	0.126851	0.0408977	0.0425571	0	0.0415167	0.0420825	0.0415147	0.0437527	0.0413871	0.0405724	0.0402604	0.0404725	0.0414699	0.0403913	0.125564	0.125526	0.124732	0.124748	0.128219	0.126729	0.125648	0.125279	0.125075	0.124153	0.126529	0.125065	0.126318	0.125158	0.129527	0.12386	0.126364	0.126053	0.124283	0.124954	0.126262	0.127967	0.124941	0.0960343	0.0991898	0.0943891	0.0956945	0.0969571	0.0952648	0.097415	0.0963127	0.0954619	0.0948565	0.0938031	0.0948716	0.0948393	0.0959822	0.0951291	0.0952006	0.0435003	0.0421735	0.0415278	0.124712	0.123892	0.124673	0.124168	0.125962	0.124703	0.125156	0.124689	0.124503	0.125222	0.124587	0.124437	0.124201	0.124921	0.124593	0.125036	0.104158	0.102975	0.104862	0.104368	0.103769	0.104253	0.104898	0.104272	0.105177	0.104285	0.106296	0.104459	0.103897	0.101347	0.104578	0.104165	0.104078	0.105622	0.103666	0.103712	0.104151	0.103232	0.102513	0.104403	0.104371	0.104624	0.104412	0.103248	0.103364	0.105061	0.103606	0.104206	0.0589645	0.0570821	0.0581782	0.0574359	0.0586834	0.0568091	0.058135	0.0595653	0.0594093	0.0578975	0.0582813	0.0568429	0.059023	0.0599021	0.0578785	0.0569606	0.0594623	0.0574696	0.0546198	0.0577645	0.0606286	0.0587856	0.0584326	0.0597218	0.0565746	0.0583803	0.0614657	0.0577456	0.055891	0.0566346	0.0565679	0.124943	0.125892	0.125406	0.125304	0.128213	0.124753	0.124937	0.125367	0.123737	0.125938	0.124948	0.12557	0.125032	0.125022	0.125802	0.123985	0.124219	0.0898711	0.0892215	0.0917766	0.090509	0.0913636	0.0901064	0.0919729	0.0904175	0.0909524	0.08005	0.0911786	0.0899953	0.0889297	0.0916702	0.0964732	0.0952793	0.0951806	0.093808	0.0945567	0.0949229	0.0952579	0.0939092	0.0957352	0.0907384	0.0904491	0.096762	0.0953864	0.0950372	0.0952572	0.0946415	0.0978037	0.095069	0.107681	0.104914	0.107068	0.10412	0.105195	0.104744	0.107706	0.106906	0.105241	0.105767	0.105612	0.106114	0.107618	0.106551	0.105174	0.104978
0.12493	0.125411	0.125705	0.124346	0.124474	0.126875	0.12471	0.124315	0.12593	0.0395035	0.0403367	0.0415167	0	0.0415839	0.0403411	0.0437265	0.0394131	0.03997	0.0400684	0.0392983	0.0408254	0.0405116	0.124814	0.124911	0.124073	0.123987	0.126565	0.126148	0.125011	0.124966	0.124912	0.124001	0.126044	0.124502	0.125883	0.124182	0.128835	0.123348	0.125606	0.126644	0.123558	0.124505	0.125303	0.127343	0.124056	0.0970336	0.0988132	0.0954997	0.0961173	0.0968216	0.0958876	0.0981789	0.0960339	0.0964072	0.0952514	0.094044	0.0957424	0.0954569	0.0961835	0.0953963	0.0956176	0.0427519	0.0370114	0.0395064	0.12433	0.123173	0.124267	0.123854	0.125492	0.12398	0.124393	0.123408	0.123931	0.124887	0.123683	0.123507	0.123871	0.124148	0.123511	0.124652	0.105716	0.104602	0.106371	0.10586	0.105239	0.105983	0.10647	0.105694	0.106332	0.105983	0.10733	0.105921	0.105636	0.102659	0.106193	0.105829	0.105666	0.10688	0.105166	0.10501	0.105929	0.104901	0.103635	0.105808	0.106086	0.106093	0.105658	0.104245	0.10509	0.106866	0.105927	0.106039	0.0594132	0.0571604	0.0566325	0.0570465	0.0571202	0.0555374	0.0573119	0.0591854	0.0598933	0.058121	0.0571503	0.0562343	0.0587052	0.05947	0.0572626	0.05606	0.0598194	0.0559797	0.0535415	0.0572377	0.059227	0.0584227	0.0588073	0.0584301	0.0559875	0.0571933	0.0606877	0.056988	0.0557479	0.0540774	0.0544979	0.12422	0.125334	0.125306	0.125294	0.126784	0.124437	0.124636	0.124996	0.123267	0.125176	0.124496	0.125154	0.124056	0.124755	0.125254	0.123754	0.123843	0.0897361	0.0899136	0.0925384	0.0911502	0.0913047	0.0911485	0.0926245	0.0909599	0.0913064	0.0802751	0.0913459	0.0904218	0.0892779	0.0924479	0.0969316	0.0964832	0.0968909	0.0946322	0.0959476	0.0953861	0.0958361	0.0944604	0.0963867	0.091152	0.0910647	0.0973949	0.0964826	0.0960601	0.0964373	0.0956041	0.0987846	0.0961233	0.109158	0.106592	0.108957	0.105704	0.106869	0.106182	0.109093	0.108235	0.107021	0.10717	0.107428	0.10769	0.108986	0.10768	0.107119	0.106493
0.125136	0.125278	0.126382	0.124655	0.124953	0.127053	0.124847	0.124456	0.126399	0.0410907	0.0420182	0.0420825	0.0415839	0	0.0404441	0.0440108	0.0406312	0.0405825	0.0402576	0.0399288	0.0406137	0.0419637	0.12559	0.125053	0.124443	0.124226	0.127953	0.125987	0.12532	0.125322	0.124678	0.124341	0.126022	0.124498	0.125947	0.124668	0.129387	0.123792	0.125445	0.12682	0.124222	0.125321	0.125891	0.127376	0.125084	0.0960784	0.0980532	0.0945309	0.0952114	0.0969265	0.0949192	0.0971764	0.0959716	0.0961725	0.0947952	0.0936482	0.0946276	0.0948233	0.0958883	0.0951943	0.0947573	0.0437876	0.0402068	0.0410887	0.124434	0.123673	0.124926	0.124287	0.126147	0.124024	0.124541	0.123756	0.123901	0.124967	0.123597	0.123811	0.124105	0.124495	0.123591	0.124776	0.104656	0.103281	0.105164	0.104703	0.104284	0.104929	0.104767	0.104614	0.105213	0.104737	0.106321	0.104542	0.104297	0.101645	0.104975	0.104676	0.105012	0.106026	0.104445	0.104164	0.105154	0.103808	0.10274	0.104984	0.105285	0.10483	0.104978	0.103865	0.103792	0.105994	0.104808	0.105202	0.060178	0.0571787	0.0575141	0.057531	0.0584548	0.0566722	0.0578088	0.0592343	0.0599748	0.0580679	0.0584451	0.0568337	0.0590718	0.0596554	0.0591253	0.0565483	0.060519	0.0572821	0.0545395	0.0566787	0.0598665	0.0577478	0.0583066	0.0588362	0.0570842	0.0585135	0.0605826	0.0578058	0.0552789	0.055201	0.0561291	0.124721	0.125347	0.125129	0.124708	0.127387	0.124904	0.125008	0.124974	0.123549	0.125595	0.124898	0.125052	0.124601	0.124175	0.126162	0.123715	0.123563	0.0888898	0.0891837	0.0915926	0.0911833	0.090788	0.0908754	0.0919148	0.090597	0.0914391	0.0805708	0.091253	0.0895859	0.0891835	0.0920681	0.0966385	0.095425	0.0955092	0.093804	0.0948938	0.0950139	0.0948506	0.0937704	0.0953866	0.0902333	0.0907327	0.0968242	0.0952064	0.0950069	0.0959985	0.0943511	0.0988468	0.0956853	0.107781	0.105231	0.107569	0.104456	0.105298	0.105213	0.106733	0.106941	0.106179	0.106185	0.105945	0.106184	0.107576	0.106435	0.105532	0.105319
0.126193	0.126223	0.126809	0.125412	0.125782	0.126851	0.125622	0.125401	0.126743	0.0382523	0.0405941	0.0415147	0.0403411	0.0404441	0	0.043483	0.0401706	0.0388346	0.0388864	0.0396149	0.0394171	0.0395745	0.126022	0.126118	0.125197	0.125378	0.128853	0.127231	0.126066	0.125751	0.125294	0.124976	0.12724	0.125376	0.126399	0.125214	0.130144	0.124666	0.126503	0.127672	0.124737	0.125556	0.126266	0.128355	0.125394	0.09582	0.0992422	0.0949835	0.0955802	0.0964066	0.0950935	0.0971817	0.0956992	0.0955021	0.0942653	0.093327	0.0951105	0.0952127	0.0958242	0.0947181	0.094883	0.04197	0.0403467	0.04067	0.125191	0.124147	0.12541	0.124952	0.12669	0.12452	0.125883	0.124528	0.124678	0.125511	0.124292	0.124492	0.124688	0.125242	0.124933	0.12536	0.10513	0.103412	0.105597	0.105092	0.104602	0.104951	0.105807	0.105034	0.105478	0.105342	0.106986	0.10526	0.104926	0.101763	0.105483	0.105283	0.104903	0.106251	0.104642	0.104764	0.105288	0.104273	0.103375	0.10544	0.105831	0.105458	0.105108	0.104035	0.104734	0.10565	0.105096	0.105154	0.0581254	0.0562143	0.0567178	0.0573792	0.0563886	0.0554685	0.0569428	0.0588513	0.0593906	0.0572431	0.0571052	0.055759	0.0577764	0.058628	0.0570573	0.055508	0.0593083	0.0553117	0.0534518	0.0578101	0.059467	0.0580884	0.0570099	0.05962	0.0558417	0.0570482	0.0599328	0.0565295	0.0546066	0.0544309	0.0551193	0.125236	0.125874	0.125678	0.125758	0.128428	0.125728	0.125401	0.125663	0.124151	0.126254	0.125532	0.125958	0.125306	0.125503	0.126509	0.124605	0.124634	0.0884666	0.0893888	0.0925888	0.0907174	0.0914571	0.0903363	0.0930208	0.0908285	0.0912196	0.0798493	0.0907392	0.0895373	0.0886564	0.091973	0.0969224	0.0953707	0.0957176	0.0946659	0.0947705	0.0954466	0.0954444	0.0942608	0.0958857	0.090626	0.0904236	0.0970389	0.0957501	0.0955665	0.0958145	0.0952093	0.0987642	0.0956074	0.109085	0.105485	0.107684	0.104833	0.105606	0.105245	0.107707	0.107106	0.106127	0.106054	0.106225	0.106647	0.107629	0.1069	0.105586	0.105521
0.126948	0.127486	0.128145	0.126261	0.126682	0.127818	0.12686	0.126278	0.12845	0.0424217	0.044881	0.0437527	0.0437265	0.0440108	0.043483	0	0.0426818	0.0425709	0.04287	0.0417362	0.0433143	0.0427675	0.12737	0.127067	0.126455	0.126103	0.129332	0.12861	0.127145	0.127183	0.126353	0.125854	0.128194	0.12611	0.127902	0.126802	0.131037	0.125589	0.127903	0.128548	0.12629	0.1265	0.127769	0.129094	0.126458	0.0987085	0.101297	0.0976672	0.0979716	0.0982934	0.097033	0.100275	0.098236	0.097825	0.0970705	0.0964198	0.097104	0.0976714	0.098474	0.097577	0.0974044	0.0459883	0.042893	0.0439215	0.12636	0.125379	0.126922	0.125632	0.127213	0.125348	0.126221	0.126017	0.125797	0.126825	0.125351	0.125645	0.125902	0.125682	0.125628	0.126491	0.106681	0.105864	0.107025	0.106702	0.105906	0.106873	0.106677	0.106575	0.106985	0.106947	0.108187	0.106825	0.106451	0.103507	0.107218	0.10669	0.107212	0.10803	0.106443	0.106365	0.107011	0.105705	0.104829	0.106726	0.107668	0.10732	0.10711	0.105671	0.106683	0.107474	0.10701	0.106677	0.0609202	0.0592699	0.0600951	0.0594468	0.0600995	0.05875	0.0607072	0.0619002	0.0607753	0.060838	0.0600294	0.0585359	0.0609814	0.061812	0.0607823	0.0589755	0.0616541	0.0592093	0.0570038	0.0593513	0.0630762	0.060676	0.0592807	0.0612112	0.0592496	0.0594265	0.063353	0.060914	0.0573143	0.0583691	0.0578237	0.126386	0.126957	0.127437	0.127186	0.129712	0.126348	0.126389	0.126885	0.125278	0.127284	0.126942	0.127037	0.126733	0.12668	0.127859	0.125639	0.125789	0.0916856	0.0909604	0.0927944	0.0918902	0.0933616	0.0921406	0.0941902	0.0927426	0.0932578	0.0822851	0.0928491	0.0924789	0.0909805	0.0945713	0.0981027	0.0979531	0.097647	0.0960192	0.0971607	0.0971886	0.096969	0.0960715	0.0980733	0.0917314	0.0929756	0.0989558	0.0981845	0.0979173	0.0984012	0.0969262	0.100469	0.0974935	0.109689	0.106998	0.109251	0.106101	0.10716	0.106674	0.109685	0.10834	0.107659	0.107866	0.107893	0.107634	0.109218	0.10863	0.107384	0.107242
0.126464	0.125806	0.12659	0.125318	0.125613	0.127516	0.125605	0.12524	0.126803	0.0393597	0.0408663	0.0413871	0.0394131	0.0406312	0.0401706	0.0426818	0	0.0386561	0.0395845	0.0382979	0.0400949	0.0393147	0.125949	0.126053	0.125442	0.12514	0.127741	0.1272	0.126038	0.125843	0.125771	0.12484	0.127003	0.125343	0.126264	0.125795	0.129924	0.124401	0.126921	0.127719	0.12483	0.125521	0.126628	0.128756	0.125564	0.0968643	0.0992605	0.0960125	0.0960712	0.0973203	0.0963578	0.0988044	0.0966311	0.097051	0.0956601	0.0951963	0.0964021	0.09637	0.0968573	0.0959782	0.0961402	0.0419092	0.0402655	0.0402418	0.125734	0.124287	0.1258	0.124951	0.127189	0.125203	0.125185	0.124679	0.125482	0.12576	0.124271	0.124639	0.124647	0.125061	0.124818	0.125534	0.10558	0.10405	0.105969	0.105557	0.104871	0.105844	0.106414	0.105532	0.106164	0.105794	0.106952	0.105757	0.105154	0.10269	0.105797	0.105303	0.105686	0.107031	0.105184	0.105031	0.10575	0.104868	0.103914	0.105868	0.106408	0.106065	0.105789	0.104806	0.105356	0.106982	0.105664	0.105512	0.0586023	0.0571836	0.0566013	0.0569059	0.0576446	0.0562076	0.0574789	0.059076	0.0589985	0.057844	0.0571852	0.0563693	0.0576459	0.057633	0.0577517	0.0557222	0.0596154	0.056808	0.0533466	0.0556342	0.0594211	0.0588496	0.0581476	0.0597465	0.0562731	0.0578129	0.0606206	0.0575654	0.054955	0.0545977	0.0552876	0.125605	0.126457	0.125907	0.126355	0.1278	0.125765	0.125233	0.125894	0.124522	0.127101	0.125318	0.126117	0.125725	0.125262	0.126618	0.125075	0.12472	0.0893363	0.0902457	0.0916604	0.0910371	0.0913739	0.0908208	0.0926326	0.0909758	0.0913869	0.0798534	0.0916056	0.0906321	0.0897428	0.0922882	0.0975294	0.0962621	0.0964838	0.0948359	0.0961266	0.095848	0.0957168	0.0954407	0.0967346	0.0912646	0.0904552	0.0978731	0.0966554	0.0963966	0.096919	0.0955416	0.0990048	0.0958189	0.108657	0.106519	0.108631	0.1055	0.106495	0.106335	0.108581	0.107795	0.10724	0.106905	0.107065	0.10749	0.108902	0.107592	0.106655	0.106421
0.124678	0.12492	0.125788	0.124507	0.124624	0.126207	0.124339	0.123863	0.125783	0.038634	0.0403742	0.0405724	0.03997	0.0405825	0.0388346	0.0425709	0.0386561	0	0.040166	0.039153	0.0399594	0.0394598	0.125034	0.124703	0.123937	0.124317	0.127422	0.125924	0.124956	0.1245	0.124194	0.123564	0.125386	0.124326	0.125233	0.123894	0.128824	0.123265	0.124979	0.126746	0.123953	0.12439	0.125211	0.126729	0.123868	0.0958374	0.0984745	0.0948619	0.0950549	0.0962317	0.0948295	0.0972919	0.0955737	0.0957981	0.0943831	0.0936666	0.0945847	0.0948901	0.0953464	0.0941843	0.0946016	0.0427769	0.0398348	0.0405645	0.124422	0.123162	0.124658	0.123765	0.12536	0.123571	0.12423	0.123531	0.123497	0.124088	0.123512	0.123275	0.123413	0.123912	0.123756	0.124577	0.104885	0.103449	0.105734	0.104896	0.104314	0.10514	0.105267	0.104698	0.105575	0.105295	0.107495	0.104972	0.104737	0.101722	0.105322	0.104826	0.10491	0.106025	0.104464	0.104443	0.105245	0.103994	0.102811	0.104924	0.105365	0.105304	0.104895	0.104116	0.10441	0.105563	0.105038	0.105278	0.0580381	0.0561708	0.0568687	0.0566463	0.0571923	0.0556635	0.0570845	0.0589558	0.0594049	0.0577036	0.0567657	0.0561119	0.0571941	0.0584744	0.057295	0.0556672	0.0592019	0.0548634	0.0528154	0.056377	0.0588781	0.058014	0.0573895	0.0587833	0.055929	0.0564089	0.0596477	0.0569924	0.0546611	0.0542099	0.053624	0.124041	0.124829	0.124623	0.124991	0.127082	0.124152	0.124405	0.124355	0.123386	0.124846	0.124368	0.124903	0.124036	0.124153	0.125316	0.123459	0.124048	0.0881621	0.0890047	0.0917799	0.0901928	0.0907568	0.0900303	0.0923361	0.089549	0.0905201	0.0795938	0.0904347	0.088661	0.0883367	0.0909204	0.0959852	0.0950232	0.0955437	0.093544	0.0948656	0.0944199	0.0947063	0.0935819	0.0954384	0.0894497	0.0893731	0.0969077	0.0951829	0.0956629	0.0955363	0.0943121	0.0985102	0.0946567	0.108582	0.105631	0.108018	0.104833	0.105908	0.105436	0.107222	0.107346	0.106078	0.106308	0.106387	0.106635	0.108609	0.106742	0.106103	0.105492
0.124941	0.125885	0.126291	0.124624	0.124587	0.126729	0.125204	0.124467	0.126171	0.0389983	0.0406397	0.0402604	0.0400684	0.0402576	0.0388864	0.04287	0.0395845	0.040166	0	0.037744	0.0394977	0.0396257	0.125211	0.125429	0.124061	0.124133	0.127507	0.126064	0.124884	0.124949	0.124675	0.123884	0.125993	0.124984	0.126002	0.125153	0.129223	0.123565	0.126037	0.126419	0.124363	0.125169	0.125691	0.127509	0.1247	0.0957845	0.0977989	0.0943134	0.0947533	0.0958629	0.0947647	0.0971085	0.094035	0.0950966	0.0942662	0.0929659	0.0945095	0.0943178	0.0952377	0.0941374	0.094987	0.0428862	0.0403264	0.0394364	0.124173	0.123072	0.124282	0.124004	0.125559	0.123233	0.123783	0.123552	0.123832	0.125115	0.123379	0.123712	0.123733	0.124699	0.123262	0.125106	0.104845	0.103258	0.105164	0.104856	0.104008	0.104643	0.104966	0.10465	0.105054	0.104769	0.106522	0.10487	0.104141	0.101466	0.105423	0.104563	0.104662	0.105908	0.104044	0.104596	0.104674	0.103509	0.102749	0.10492	0.104974	0.105168	0.10468	0.10397	0.103796	0.105256	0.104292	0.104044	0.0582853	0.0566597	0.0573146	0.0568652	0.0573113	0.055788	0.0570112	0.0590955	0.0581456	0.057114	0.0571931	0.056705	0.056966	0.0587234	0.057754	0.0559904	0.0585804	0.0548433	0.0516388	0.0543966	0.0581319	0.0579183	0.0571744	0.0571222	0.0552826	0.0571818	0.0588897	0.0560007	0.0533805	0.0538812	0.0544939	0.1246	0.125266	0.125068	0.124959	0.127765	0.124358	0.125023	0.124633	0.123727	0.125265	0.124427	0.124951	0.124698	0.124895	0.125869	0.123688	0.123237	0.088051	0.0888248	0.0910255	0.0900452	0.0903601	0.0902921	0.0916885	0.0900428	0.0901899	0.0800555	0.0903313	0.0890669	0.08826	0.0915737	0.0966499	0.0955123	0.0951316	0.0942532	0.0946284	0.0951146	0.0950167	0.0940361	0.0956207	0.0900484	0.0899621	0.096551	0.0954733	0.0953782	0.096055	0.0949309	0.0985694	0.0951969	0.108312	0.105066	0.107195	0.104385	0.10518	0.10529	0.108762	0.10695	0.105554	0.105799	0.105899	0.10643	0.107047	0.107213	0.105407	0.104833
0.124357	0.124449	0.125334	0.123915	0.123671	0.126123	0.123939	0.123651	0.125342	0.0388282	0.0400544	0.0404725	0.0392983	0.0399288	0.0396149	0.0417362	0.0382979	0.039153	0.037744	0	0.0386572	0.0388293	0.124335	0.124411	0.123796	0.123507	0.12669	0.12559	0.124559	0.124501	0.123901	0.123343	0.124995	0.123822	0.125251	0.124161	0.12833	0.122874	0.124849	0.125561	0.123629	0.124219	0.124896	0.126744	0.123617	0.0952003	0.0977744	0.0938059	0.0947453	0.0956508	0.0944949	0.0971106	0.0942879	0.0954142	0.0935555	0.0925323	0.0940515	0.0940416	0.094762	0.0937777	0.0937631	0.0404818	0.0390886	0.0385764	0.124357	0.122573	0.123941	0.123236	0.125217	0.123264	0.124284	0.123202	0.122675	0.12421	0.122413	0.122767	0.12286	0.123264	0.122884	0.123947	0.104334	0.103087	0.104923	0.104345	0.103702	0.104166	0.104627	0.104164	0.104941	0.104616	0.106283	0.104245	0.103794	0.101207	0.10463	0.104096	0.104565	0.105907	0.103898	0.103659	0.104821	0.103442	0.102553	0.1046	0.104826	0.104675	0.10424	0.103326	0.103886	0.105256	0.10399	0.104223	0.0585033	0.0558456	0.0562293	0.0566184	0.056864	0.054819	0.0572212	0.0583347	0.0581396	0.0567827	0.0562241	0.0554747	0.0573828	0.0577676	0.0571124	0.054898	0.0594358	0.0554833	0.0533406	0.0560298	0.0593535	0.0576905	0.0572369	0.0577926	0.0561945	0.0570291	0.059426	0.0566598	0.0548895	0.0539668	0.0539491	0.123782	0.124249	0.12442	0.124233	0.127802	0.124031	0.123888	0.124045	0.12301	0.125019	0.123771	0.124462	0.123897	0.123666	0.124922	0.123033	0.123021	0.0880034	0.088344	0.0908521	0.0894386	0.0901501	0.0891725	0.0915817	0.0894106	0.0898978	0.0779837	0.0898818	0.0881877	0.0879148	0.0907403	0.096087	0.0947154	0.0947581	0.0931164	0.0944337	0.0944969	0.0943711	0.0931001	0.0953094	0.0893108	0.0890267	0.0962042	0.0951386	0.0945224	0.0955531	0.0938972	0.0976713	0.0947453	0.107571	0.104639	0.107235	0.103776	0.104812	0.10443	0.107761	0.106265	0.105562	0.105268	0.105723	0.105732	0.107884	0.105901	0.105141	0.104523
